73
32
102
101
101
108
32
112
114
101
116
116
121
10
79
104
32
115
111
262
264
266
268
256
258
260
275
265
267
32
97
110
100
32
119
105
277
285
287
32
103
97
268
65
294
256
112
291
298
110
121
295
105
114
261
119
104
274
105
115
110
39
116
32
109
101
32
116
111
100
297
10
279
259
261
99
104
97
114
109
105
110
103
269
271
273
32
331
333
335
337
327
116
39
115
285
108
344
336
103
32
312
119
342
332
334
354
32
328
260
10
299
288
341
263
283
268
84
332
318
256
360
100
108
306
99
286
32
98
260
105
101
118
321
73
39
109
32
264
97
108
10
83
259
322
104
321
370
292
103
308
261
336
400
97
318
335
114
114
111
114
400
101
264
63
10
87
312
342
382
116
374
285
266
114
97
99
116
105
388
307
309
383
101
420
83
117
331
285
282
292
102
431
101
397
442
271
97
445
284
100
264
115
115
450
443
453
403
284
115
335
108
449
441
461
454
306
320
33
327
257
329
272
116
117
110
110
354
366
294
101
110
116
430
110
99
483
70
477
108
105
107
321
114
480
482
346
367
32
325
490
362
102
415
32
106
111
268
70
509
390
392
108
111
388
100
10
66
306
462
276
284
119
111
287
418
102
117
261
98
512
10
71
73
82
76
83
10
72
97
435
121
111
117
319
265
319
306
103
111
324
257
114
386
294
77
333
105
97
10
373
321
99
430
122
386
115
318
405
437
529
417
383
518
99
107
420
89
548
39
108
261
107
110
111
358
401
416
426
321
345
117
116
321
547
549
115
399
592
397
401
349
577
529
321
311
313
350
408
382
97
100
118
286
99
101
368
116
410
321
111
102
272
312
580
605
321
426
336
107
350
115
606
613
110
32
518
388
631
400
634
636
638
32
408
83
112
97
336
644
314
316
318
408
642
468
648
320
264
379
649
110
115
286
449
73
411
117
572
438
577
401
410
269
416
273
320
393
333
321
100
314
101
97
602
679
322
555
319
451
692
32
688
116
691
109
297
384
649
348
350
102
467
689
10
75
259
112
285
119
297
557
111
392
604
398
294
508
416
67
104
336
111
565
726
613
350
589
318
594
32
561
558
453
119
321
588
590
10
77
324
101
674
286
288
112
117
264
10
80
111
495
598
293
288
264
102
336
621
421
260
108
45
98
264
288
749
319
410
752
449
503
548
318
626
356
418
319
336
100
474
77
314
350
65
663
105
381
44
736
788
32
790
418
792
97
794
115
112
259
331
474
